3.545448 4.463792 2.847758 3.570793 3.712574 1.937944 3.025433 2.858160 3.199626 2.866720 3.901342 2.831039 3.361373 2.588926 2.737382 2.749125 3.515635 3.530973 4.254158 
4.666405 5.611038 4.514781 4.589754 4.640305 3.259490 4.368100 3.687327 5.136201 4.473144 5.394191 4.106067 4.252092 4.142135 4.489687 3.006685 4.614255 4.324139 5.375107 
4.084048 4.867693 3.849543 3.301270 3.900099 2.795020 4.271231 2.937940 4.850429 4.166959 3.771610 3.571865 3.793276 3.224298 3.850855 3.320016 3.901964 3.993728 3.997533 
4.664188 5.857741 4.288176 5.097395 5.680645 3.536070 4.077648 3.576626 4.931325 4.547432 4.944682 4.338006 4.467471 3.737361 4.598287 3.583286 4.917699 5.291523 5.691778 
4.411869 5.481322 4.272577 4.060796 4.419166 2.912748 4.253555 3.566103 4.489253 4.026165 5.037244 3.500202 4.440250 3.668329 3.876262 3.394687 4.267942 4.825327 5.353669 
4.054164 4.697347 3.678870 4.085610 4.426954 3.790721 4.320011 3.495155 4.419305 4.308304 4.493950 3.242498 4.951390 3.356025 4.079776 3.234593 4.866882 4.577563 5.286395 
5.385352 6.056887 5.222368 4.961742 5.600546 4.347517 5.900197 4.387377 5.510683 5.812246 6.628982 3.966106 6.003240 4.163731 5.351864 3.619162 6.028587 6.287597 6.621287 
4.066159 4.714768 3.738960 4.374998 4.389742 3.346848 4.738539 4.058791 4.155750 4.284856 5.364897 2.880996 4.665621 3.890907 4.166261 2.694731 4.600442 3.894859 5.601477 
4.540952 6.074936 4.595384 4.038619 4.744259 4.235075 5.355786 3.882678 5.092411 4.464874 5.076118 3.219796 5.874176 3.633937 4.404473 3.843201 5.373209 4.492610 5.975513 
3.999487 4.472517 3.724911 4.099567 3.931440 3.850620 3.981245 2.982521 4.033189 4.068896 3.397788 3.115772 4.690357 3.028511 3.797078 3.616824 4.383521 4.957349 4.482584 
3.882521 5.366987 4.263718 3.849168 4.519053 3.070354 4.440209 3.327237 4.819813 4.762936 4.184972 3.818116 4.153992 3.395707 3.509293 3.950340 4.847114 4.819666 5.457530 
4.053705 4.859028 3.695471 4.104410 4.625492 3.254838 4.309963 3.185573 3.852921 3.240486 4.176335 3.427529 4.268232 3.568833 3.391903 3.259375 4.640697 4.344844 5.099540 
3.598599 4.923522 4.328525 3.396757 3.998389 3.227915 3.839878 3.028907 4.352119 4.245755 4.206236 2.816547 4.062638 3.281969 3.767932 2.685678 3.880624 4.270480 4.423473 
5.161269 5.971006 4.734034 4.941742 5.649368 4.087426 4.858625 4.068025 5.689684 5.085352 5.053628 4.225950 5.466439 3.868930 4.888545 4.410418 5.340443 5.425857 6.425598 
5.391761 6.022094 3.733130 4.669257 5.431267 3.482786 5.375032 4.200327 4.896268 4.384913 5.831484 3.794326 5.346767 3.907876 3.979054 3.876949 5.888700 5.383356 6.263599 
5.236303 5.885739 4.392267 4.847949 5.298355 3.706939 5.197629 3.563296 5.656123 5.078795 5.870035 3.976529 4.612671 3.906611 5.039186 3.666287 4.768261 5.275768 5.510530 
4.315576 5.194512 3.962571 4.426575 4.714472 3.882393 4.662696 3.312571 5.054438 4.469992 4.631827 3.782042 4.551383 4.036409 4.399180 3.038057 4.593855 4.678124 4.654307 
3.938473 5.264060 3.968050 4.255634 4.135693 3.236176 3.671125 3.156785 4.341985 3.666548 4.211937 3.164662 4.015441 3.137333 4.164486 2.688116 3.591105 3.772842 4.577511 
5.898543 7.567385 5.754616 5.738048 5.978157 4.897726 5.939401 4.754193 6.079582 5.350337 5.669641 4.734213 6.722479 4.623477 5.503280 4.621059 6.555045 6.330110 7.031655 
