10.867969 9.998895 11.791437 15.334485 12.252046 12.646024 11.556137 12.478231 12.785159 12.804689 12.089130 11.983748 12.418170 11.328083 11.873505 12.095654 12.484943 15.169993 14.641589 13.214593 12.979712 12.492985 13.569441 11.449630 12.377008 9.990534 13.152162 10.294283 11.447809 11.640734 10.917271 12.829393 12.543750 10.016630 13.126651 10.242761 10.409673 12.149691 13.224642 12.164701 11.386838 12.142287 13.763519 11.844167 11.575948 13.715712 12.134232 13.527552 10.385659 10.379226 
12.225726 10.547581 10.983168 15.425589 12.800732 13.739817 12.661544 13.222471 13.520255 12.521390 12.142385 11.634717 14.235253 12.135184 12.028364 13.075143 12.515283 14.619663 13.433568 14.748919 13.394193 12.122481 12.460068 13.227708 13.569561 12.904807 13.961950 10.971078 11.987529 12.605938 13.046346 13.060162 12.705022 11.374140 14.028204 10.304421 11.981250 12.830196 12.939188 12.320861 11.951157 13.677533 13.742603 11.816947 12.041144 12.874915 13.588681 14.990136 11.307060 9.752613 
12.311347 11.616935 12.586846 17.967481 14.028204 13.983488 13.527482 14.906671 15.351582 14.704053 13.157900 13.396905 15.199699 14.264378 12.717328 14.390868 14.406884 16.675753 15.881077 15.363592 13.630514 13.383579 13.709421 15.139258 14.625674 12.524656 14.656855 11.937948 12.800582 12.596992 13.459679 13.595919 14.406470 11.153625 14.033014 11.965053 13.360004 14.084439 13.534750 14.022222 12.748925 13.289531 12.677032 13.473432 12.513757 13.697057 15.327244 15.549240 11.837171 10.737310 
9.745703 8.554725 9.252270 13.419295 10.592304 10.207361 9.077963 10.547168 12.321721 11.342617 9.729262 10.083803 10.941323 10.881526 9.243129 10.982621 10.398950 12.583140 12.122221 11.739751 10.038695 10.042408 9.820940 10.858448 11.542306 8.849826 11.096595 9.311886 9.377466 8.725168 9.786516 10.487251 11.344304 10.200373 10.215385 7.900908 9.638329 10.451969 10.158104 9.507976 10.114284 9.788930 9.582136 9.996391 8.474454 10.517800 12.912460 11.792375 7.991096 8.025339 
8.774857 10.609669 10.592257 13.365818 11.245388 11.376154 11.001311 12.289105 12.823269 11.240162 10.188986 10.217309 11.534209 10.596651 11.536071 10.696893 12.386576 13.133311 13.016450 12.913534 11.754678 11.877597 10.720879 12.399277 12.202830 9.920962 12.669631 10.170453 11.602364 10.695080 11.683530 12.640747 11.660178 9.800974 11.369042 9.449464 10.423123 12.120848 12.011812 12.342205 11.575891 11.647838 12.371640 12.107563 11.931503 11.633668 12.457431 12.746907 9.176499 9.237295 
9.901807 10.600072 10.132777 14.451110 11.650357 12.839177 11.588367 12.637560 12.148894 11.267264 11.189776 11.375927 11.603879 12.243528 11.378865 11.834664 12.765577 14.911131 13.780181 13.959979 12.635010 11.300225 11.700152 11.430645 12.667234 11.235977 13.091887 11.054150 11.761492 11.386789 11.787646 12.204467 12.462243 9.797786 12.990871 10.974352 11.807693 11.501440 13.513947 12.578608 10.559394 11.800591 11.791822 12.313516 11.919529 13.689161 13.065067 13.564997 11.127119 9.744497 
10.469211 9.543513 10.644389 13.574532 10.840735 10.088245 9.825230 13.212525 11.997946 10.883126 10.465239 10.772678 11.611434 11.980657 12.667328 10.836420 11.147760 13.382092 12.299370 12.802727 12.048968 10.825793 10.838135 12.028992 10.836346 10.234974 11.418250 8.400737 10.183102 11.511293 12.135398 11.822025 12.170079 10.091304 11.411070 9.616717 11.092281 12.259965 11.618436 11.382396 10.365418 10.647950 12.492374 10.872828 11.110642 11.035004 11.335993 12.157255 10.207169 8.671647 
10.212683 11.110605 11.553593 14.622496 11.731429 11.191499 11.613767 13.870246 13.385175 13.234850 10.863729 9.693348 11.975551 12.636959 11.045399 11.540528 11.877254 14.513019 12.945446 13.377613 13.472334 10.729690 11.662661 12.258475 11.925167 10.872900 13.826943 9.717987 12.202639 11.228996 11.263974 12.168023 12.803198 9.193622 11.926871 10.039520 11.139999 12.848748 12.174831 12.776613 12.132355 11.671275 12.265087 11.855075 11.202145 13.181748 11.867169 14.111404 10.644465 9.274964 
12.490365 12.930200 12.556712 16.991346 13.838348 12.885547 13.014144 15.044294 16.051304 15.562110 14.027501 13.235735 15.538991 14.445113 13.018243 14.999110 14.949806 15.631494 16.112751 15.691382 13.888181 14.540865 14.235792 14.983729 14.412383 13.090202 15.980162 10.984118 13.440690 12.291165 13.603660 14.196536 15.079988 11.797896 13.557032 12.059187 13.493423 14.369532 14.269716 14.452149 13.326283 14.221980 13.607260 13.619023 12.977065 13.019043 15.051252 16.176723 11.487666 10.964817 
10.022609 11.210257 10.081980 15.022538 12.970520 11.302044 11.406204 11.838485 13.577684 12.028982 10.953130 11.001815 11.929952 11.579400 10.519116 12.128368 12.612277 14.106056 13.336180 14.010897 12.492750 11.590124 12.088350 12.690557 12.670398 10.368024 13.423984 10.833936 11.224999 10.507499 10.839146 11.991645 12.481013 10.124862 12.058060 10.475809 11.059208 12.350940 12.438397 10.739937 11.033729 11.741151 10.674121 11.525921 10.354336 12.454608 13.859468 12.317767 9.642196 9.372522 
10.327407 10.858854 11.012080 15.835367 12.988546 12.202060 11.933976 12.732491 13.074676 12.557777 11.963497 11.894097 13.853395 11.278659 11.649325 13.393405 13.651610 13.844355 14.275481 13.797102 13.264725 13.505015 12.621685 13.313458 13.184185 11.717384 13.347001 10.697110 12.553724 10.573092 11.638619 11.879110 12.963120 9.624764 12.890744 10.988374 11.626406 12.532322 12.905068 12.246182 11.938566 12.442029 12.152349 11.225576 12.648200 12.195270 13.297102 13.397673 10.750155 9.499476 
11.245135 10.609908 10.793642 15.235887 12.644661 11.669260 10.555952 14.212615 13.255625 13.250117 11.909462 12.070697 12.824743 11.725228 11.630717 13.072297 14.172015 14.899272 15.005407 14.207476 13.068308 12.783311 11.790739 13.903695 12.835999 11.999113 13.839587 9.817787 13.214989 11.012552 12.869129 13.106049 13.472510 12.131559 12.385953 10.941448 12.509827 13.062217 12.541417 12.077084 12.302860 12.501463 13.010614 12.465887 12.435977 12.076866 12.220602 13.188416 10.821111 9.914798 
9.956725 10.166485 10.339317 13.197432 11.251359 11.357382 10.787806 11.315661 12.082774 11.667594 10.481638 10.486802 10.680455 11.346908 11.097053 11.704475 11.738418 13.135441 13.137793 12.479002 11.745100 11.250251 11.112283 11.799456 11.467162 10.073097 12.877722 9.556824 10.665528 11.009931 11.124649 12.102309 12.127714 10.796066 12.258708 9.703733 11.947501 11.598105 12.111286 10.788058 10.631279 11.232012 11.894625 10.874935 11.150554 12.591133 12.581430 13.886119 9.007679 9.639678 
10.982110 10.411490 11.404594 15.838559 12.308768 11.826989 12.401384 12.622054 12.916607 13.622101 11.294040 11.167009 12.957038 11.488851 11.111727 12.129830 12.338897 14.538067 12.898303 13.299431 13.548036 12.076965 12.199880 13.335837 13.100902 12.184829 13.470891 11.344224 11.370118 13.000361 12.499866 13.180744 12.144305 10.658769 12.815616 10.402456 11.865513 14.196298 12.345057 12.541948 12.228078 12.274464 12.442237 11.473016 10.950540 13.097199 13.234726 14.442271 10.171954 9.089323 
10.972265 11.019228 10.539542 15.091339 11.844004 12.816444 11.958726 14.360296 13.169792 11.786408 12.199992 12.012915 13.668686 12.517489 12.723849 12.569815 13.281874 13.792148 13.361475 14.555774 11.682218 12.330242 12.244579 14.238650 12.068169 11.269035 12.441512 11.082205 10.128012 11.307797 12.697941 13.601784 13.487049 11.577624 12.336332 11.147652 12.077634 12.282973 12.924335 13.348253 11.722483 12.476208 12.287208 13.704849 12.750471 12.335995 14.542729 13.876551 10.012188 9.437902 
11.397214 11.670111 12.028466 15.210063 12.320407 12.802078 11.789126 14.035196 13.582343 13.379669 12.012573 11.357007 13.179645 12.972070 11.606233 12.136233 13.437865 13.440145 13.949696 14.298553 12.258151 12.262668 11.416014 13.297596 11.954705 12.575520 13.538899 9.819076 11.019547 11.331531 12.340107 12.829241 13.036645 11.359366 12.294134 11.665151 12.205754 13.376318 12.984634 12.636539 11.831715 12.592675 12.815885 11.315519 11.874416 12.604230 13.080220 13.884513 10.985510 9.362499 
12.007355 11.656386 11.724604 15.194231 12.597788 13.510701 11.864561 13.918046 13.658914 12.512869 11.835757 12.161362 14.118258 12.196883 12.513389 13.649428 14.221287 15.591164 14.236461 14.358251 12.661833 12.774813 12.413180 14.538204 12.565435 11.609187 13.895262 10.457481 11.614041 11.976251 13.043337 13.477491 14.339033 12.892327 12.438823 10.676589 12.685475 13.668199 13.160825 13.124183 11.873336 12.024004 13.107335 13.106476 12.394515 12.534385 14.417658 14.171897 9.710331 10.560196 
8.313333 8.477278 9.021671 13.573712 9.695689 10.811854 9.528061 10.806361 10.748784 10.282112 10.088080 8.945929 10.652331 10.887450 9.581642 10.504846 10.812908 11.790987 11.154762 11.310834 9.325477 9.837296 10.163749 10.344837 9.410220 7.856767 11.102290 8.658084 8.899259 9.378078 10.225374 9.431759 9.882176 8.921043 9.471456 9.656621 9.351201 9.753056 10.501727 10.099738 8.945570 9.727309 10.821497 9.850522 9.594230 10.948325 10.985865 10.573800 9.140552 7.908571 
11.741209 12.074908 12.002394 16.598010 13.304928 13.203836 13.680555 15.672787 15.507206 15.515819 13.974426 13.004363 14.988581 14.715027 13.771400 14.059030 14.719424 15.668350 15.544287 15.031556 13.172599 14.079439 14.446788 15.051887 14.758209 13.297624 14.502233 12.213169 13.549947 13.095906 14.542383 14.527452 15.523658 12.051251 14.589159 11.729658 14.731096 14.626081 14.686174 15.165184 14.024863 13.822510 13.886011 14.373340 13.101282 14.766663 15.736191 16.428566 11.660988 10.277218 
11.302864 12.105216 11.695433 16.370279 13.273399 11.724537 12.328485 14.214243 15.360658 13.414317 11.621415 12.039124 13.065410 13.440037 12.652835 12.271884 14.339698 13.803467 15.032954 14.576263 13.900953 12.153905 12.679807 13.955088 13.005839 11.369631 14.410510 11.025646 12.570904 11.192724 13.535827 13.711871 14.622256 11.882379 12.807474 10.815274 12.677141 14.286613 12.697002 12.177601 12.298450 12.659107 13.549025 12.221211 12.205786 12.522500 14.000486 14.071736 11.655967 9.110209 
10.503976 9.481745 9.486491 14.561465 11.640827 11.885967 10.789506 12.939982 12.696737 10.753947 10.946568 11.813827 13.294986 11.526183 10.470009 11.994192 12.890577 13.330075 13.158428 12.614866 12.081703 11.536517 10.669769 12.252233 11.267788 10.203335 12.393082 10.095586 10.570279 11.023892 12.515652 10.730026 12.598005 10.866555 12.185912 10.368976 10.925399 12.533747 12.633701 11.122517 10.006122 10.988458 12.265565 10.873511 11.466211 11.746161 12.409981 12.614975 10.105724 8.330108 
11.987672 11.354716 11.555611 15.736889 13.144765 12.605503 12.046785 12.992382 14.025275 12.772988 12.082690 12.830888 14.325325 11.721816 11.323920 13.140877 13.845939 15.176253 14.655349 14.011128 14.064664 12.628675 12.641539 13.847770 12.982437 11.941730 14.436683 11.544537 11.738202 11.372033 11.940384 13.977702 15.375040 11.539576 13.397109 10.847714 11.188978 13.563640 14.544263 13.254489 12.535805 12.261681 12.637209 12.848016 11.867202 13.134483 14.038188 14.823703 9.797108 9.546317 
11.231817 9.847963 10.463933 13.436673 11.642672 10.939676 11.232419 12.318276 13.007741 13.137765 10.342834 11.769930 11.985812 12.432079 12.063812 10.683627 11.717123 13.085506 13.874886 14.322692 11.630324 10.774223 11.017956 12.951265 13.062704 11.572848 13.517061 9.411582 11.434213 11.054565 12.461403 12.481711 13.480695 10.716002 12.495050 9.063902 12.455867 12.426888 10.977989 11.689796 12.068423 12.267568 12.119859 11.641190 11.282925 10.782763 12.874656 14.099603 9.735031 9.156905 
10.721745 9.714395 10.725567 14.146745 12.186768 12.581504 10.458933 13.340269 12.996301 11.318138 11.267604 11.225828 12.938477 11.649580 12.168239 11.571140 12.435020 14.647520 13.490155 13.608072 14.260202 11.905399 12.647397 12.892781 13.142245 12.909340 13.061870 10.183477 11.122332 11.528525 11.309623 13.597036 14.755180 10.677395 13.550582 10.029133 12.092507 12.360895 13.110009 11.823419 12.041918 12.574242 11.979372 12.535393 12.653109 12.604500 13.370353 14.833573 10.124150 9.293912 
13.543267 11.668063 11.860721 18.782754 14.975661 13.380003 13.773334 15.870669 15.856487 14.510918 13.294950 15.253571 15.780605 15.350740 14.834962 15.125205 15.117863 16.968431 16.377185 16.728803 15.912657 14.436366 14.481561 15.341015 15.897134 14.037852 16.169717 12.066757 13.180153 13.953630 15.366265 14.671469 15.757981 12.289074 15.513941 13.001352 14.318339 15.268914 15.115078 14.377392 13.229727 14.783422 14.650154 15.394551 14.237296 13.548692 15.460153 16.134565 13.466416 11.004322 
10.866422 11.838864 12.878060 15.799570 13.074534 12.869177 11.430162 14.802509 13.675457 12.421158 11.464364 12.684353 13.049633 13.254644 12.839213 12.952793 13.266043 15.002156 13.868950 15.100175 13.845746 12.507052 12.453225 14.016275 12.370159 11.131913 14.090074 10.770256 11.780623 11.738343 12.299341 13.841083 14.189137 10.543602 12.821169 11.236885 11.513046 12.837494 13.261746 13.039274 12.629242 12.555469 13.297391 12.848882 12.131825 13.139459 13.329842 14.930632 11.475190 9.278595 
11.187649 11.270299 11.455606 15.210816 13.281306 12.924380 11.937594 13.665494 13.887541 13.483280 12.185696 11.887015 13.391257 12.537580 13.353853 13.036970 13.959285 14.863464 13.538397 14.315405 12.752102 13.387441 13.331619 13.777191 13.701695 11.642052 14.124747 10.795258 11.420795 12.507482 12.443676 13.999818 12.855288 12.039096 12.914189 10.596914 13.659469 13.212681 12.964923 12.844105 11.646812 12.895378 12.234475 12.098492 12.077230 13.129676 13.791831 16.178990 10.253936 9.817679 
10.694984 10.380946 9.787711 13.484721 10.532840 11.576438 10.472001 12.249862 11.968454 11.937169 11.779454 11.899603 12.547205 11.941887 11.522124 11.932873 12.745835 13.352093 13.620441 13.836963 11.676498 11.572377 12.200428 13.500502 12.437829 11.266738 12.654264 10.188247 11.153108 10.480380 13.014957 12.339688 13.163674 10.469483 12.300504 9.881829 12.311896 11.311021 12.694402 12.001838 11.074276 11.793069 11.433334 12.858244 11.011270 11.379521 13.456782 13.560486 9.912014 8.732811 
10.866956 11.519232 11.405937 15.686887 12.244886 12.550842 10.700743 13.599938 13.693380 12.833964 12.165861 12.372685 12.514650 12.301512 12.197911 12.920278 13.269516 13.741392 15.357256 14.703472 12.642175 12.735236 12.187036 13.153978 13.089159 12.374651 13.376353 11.265193 12.146390 11.624159 12.858408 12.833275 13.381145 11.013462 13.275375 10.821255 12.357405 12.744742 13.662229 13.127705 11.917767 12.646109 11.977646 12.068011 12.864023 11.632786 13.298173 14.229807 10.760070 10.484615 
11.261399 12.704062 12.050900 15.441514 12.495861 13.290810 12.539477 14.209248 14.484241 13.431519 13.138127 12.231033 14.091634 12.570464 12.115931 14.056990 14.130299 16.096495 13.906480 16.160746 13.695248 12.581630 12.877608 14.219020 14.241297 12.798042 14.757397 11.919721 12.667025 12.100541 12.596850 13.468474 14.896414 11.916340 14.933510 10.537989 12.991390 14.000302 14.875082 13.939210 13.544886 12.264585 13.344404 13.073526 12.478734 14.248282 13.948035 16.613564 10.384900 10.190053 
12.742089 11.293357 11.848601 18.488818 14.018591 13.512752 13.513172 14.321307 16.588020 15.161091 14.688395 14.458195 16.782355 14.381032 13.123274 14.717114 15.571684 16.694737 16.950496 15.566642 14.342721 14.357920 14.447620 14.220606 15.960113 12.650981 15.569843 12.836986 12.884908 13.115969 14.988077 14.199644 15.064245 12.943240 14.828314 11.799284 13.279838 13.726950 13.879971 15.385940 13.332417 15.018229 14.957677 14.153752 13.491121 13.252819 15.121541 16.166755 12.380472 10.712970 
11.167252 10.389611 10.578077 14.169466 12.543288 11.415975 11.798228 12.902333 13.893139 12.210835 10.864333 11.427560 12.023038 12.991890 12.324009 10.958626 12.074608 12.778589 13.887694 13.475206 11.561730 11.545452 11.695878 12.814865 11.967307 11.418900 12.713875 9.371321 10.544859 10.754393 11.112490 12.799252 13.998005 10.166865 12.405741 11.099557 12.722080 11.970275 12.503778 12.224384 10.962081 12.161449 11.108786 11.781418 11.720966 12.164441 13.191277 14.169364 9.873964 9.920622 
11.917814 11.233701 11.996988 17.346120 12.907802 12.331099 11.584499 14.093729 14.406905 13.416924 12.497602 13.098797 14.697086 13.067431 12.112047 13.701511 13.641441 15.420694 14.959348 14.682009 13.521717 12.357828 12.998777 14.106528 13.489802 11.807316 13.570289 11.144821 12.045698 12.122750 13.141029 13.147809 13.711830 11.303266 13.164093 10.627565 12.187857 12.995262 13.089343 13.338543 12.465011 12.709709 12.448953 12.865788 12.137001 11.271969 14.029594 14.360363 11.557265 10.092117 
9.849976 9.757569 10.982104 14.091044 10.748193 10.469654 11.305890 12.112900 12.412615 12.129062 11.534878 10.857093 12.835943 10.654070 10.693904 11.384187 12.392021 13.373504 12.753915 12.273544 11.162421 12.578925 10.943504 12.749406 12.390545 10.781216 11.658115 9.802357 10.619092 10.868570 12.658418 12.071471 10.999034 9.948415 11.511481 9.014690 11.712408 11.800877 11.341491 12.585826 9.958198 10.709433 11.243115 11.978723 10.436948 10.832888 12.021370 13.745004 9.009881 9.054422 
9.760666 11.040122 9.780724 13.753169 10.536567 11.119232 10.371827 12.044641 12.397378 11.834564 11.436033 11.540281 11.864046 11.913058 11.172854 12.252001 12.444593 12.763016 12.889716 14.338487 12.412489 10.816952 11.539233 12.240927 12.996114 11.325311 13.227375 10.351821 10.456694 11.526090 12.605509 11.464391 11.562341 10.500169 11.804375 9.890838 11.621681 11.450524 11.756669 11.668492 10.720827 11.846655 11.466892 12.007202 11.065954 10.824025 12.345689 12.934874 10.533027 8.695023 
11.510142 10.324164 10.609526 15.477685 12.309272 12.792880 11.649088 12.904571 14.221507 13.548885 12.027560 11.109970 12.698889 12.772649 12.015614 12.570908 12.892042 15.100525 14.077025 12.878106 13.151474 11.029010 13.598204 11.556632 13.073567 11.575785 13.778217 10.123666 12.159417 11.613754 11.343363 12.376401 13.179023 10.763884 12.578827 10.639217 11.571075 12.972920 13.006179 12.024873 10.405759 12.493327 12.633670 11.236807 11.578144 13.744743 13.397093 14.987080 10.817989 9.693134 
11.531184 10.468646 10.893907 14.907690 10.976568 12.650119 11.634289 13.385209 13.453091 12.889408 11.799181 11.282723 12.978950 11.989531 11.622349 12.286456 12.842918 15.269030 14.640307 14.277497 13.019818 12.121606 12.859811 14.153635 12.248534 11.745300 14.761549 10.830994 12.375391 11.790857 12.622191 13.611175 13.469884 10.364471 13.274866 10.471308 10.491434 12.593669 13.091142 12.772709 12.134250 12.956685 12.247237 12.338511 12.011865 12.561976 13.638162 15.018360 9.759021 10.199112 
10.270954 9.599958 10.186894 13.746212 11.447532 11.549046 11.476051 12.476512 11.911155 11.669068 10.494686 11.356215 12.441442 10.839176 11.264719 10.711748 12.458441 13.625585 13.465680 13.112411 12.842965 11.027924 11.575945 13.199261 11.480660 11.258383 14.048746 9.436080 10.666401 10.539780 12.514809 12.079232 13.029519 9.922349 12.734190 10.368076 11.071051 12.013684 12.257563 12.828375 10.746485 11.341927 12.107254 12.191690 12.113362 11.702842 11.301992 13.568969 9.505104 8.443997 
10.609668 10.838483 11.432791 15.343170 11.841096 12.086277 10.491845 13.108570 14.283163 13.613181 11.397632 12.317403 12.144759 13.401570 12.128108 12.612045 13.242981 14.191280 13.451478 14.057464 11.917265 11.554000 12.641758 13.345281 12.613485 9.786171 13.954100 10.438843 10.619939 11.386856 11.479226 12.757423 13.542009 11.733768 11.391390 10.714554 12.143418 12.111898 12.028414 13.005108 12.366979 12.889144 12.433075 12.765687 11.749339 12.219120 13.197133 14.632260 9.991073 9.600536 
11.440262 8.836114 9.642861 15.620669 11.916692 11.249973 10.335186 12.667055 12.796424 11.598055 11.663592 11.457134 13.548616 11.738232 11.258474 11.486463 12.519587 15.049767 14.272405 11.649349 12.535600 11.564996 12.150912 12.521436 12.721781 11.956274 12.051476 9.965870 11.772340 11.789399 11.131327 12.609753 13.371586 11.571621 11.896887 10.737062 13.009341 12.231692 11.918918 12.953678 10.549718 12.451405 11.635366 10.950281 11.784685 12.025943 13.465818 14.108765 10.361239 9.183580 
10.570539 11.142006 10.490397 14.613063 11.217286 11.218452 11.233508 11.625419 13.404882 12.253588 11.921645 11.059456 12.376332 11.636125 11.940388 12.903670 12.204978 14.381970 12.993979 13.343775 12.479632 11.858976 11.558505 12.924313 12.721813 10.910438 12.890135 10.428893 11.270173 11.371087 12.198114 11.910584 12.293003 10.322127 12.670587 10.234782 11.907908 12.574240 13.271345 12.779049 11.443701 11.953621 11.581323 11.705389 11.514911 11.742572 13.688461 14.854480 9.781570 8.950766 
13.128130 12.393271 12.016728 16.317680 13.330505 12.450244 13.524377 15.379799 14.730830 13.789284 13.396999 13.291074 15.251611 14.035645 12.641096 13.273858 15.300267 15.654411 15.897674 15.328440 13.574872 13.365920 12.741202 14.964622 14.084005 13.935543 15.268511 10.421408 13.192573 11.618293 14.276749 14.567401 14.918519 12.748089 14.290966 11.988566 14.328942 14.591407 13.820603 14.321622 12.545457 13.635735 14.461117 13.718385 12.453936 13.639063 14.821630 15.279661 12.322041 9.942875 
10.766971 8.080821 8.564172 13.222425 10.247759 11.736614 10.352152 12.090632 11.809124 11.419051 11.032808 10.849128 12.873758 11.372746 10.796130 11.708129 11.213652 12.430747 11.828334 13.357447 11.193816 10.928137 11.375497 12.797835 11.129144 10.998530 12.387249 8.933967 9.490965 10.400845 11.701876 11.030405 12.783102 9.456876 11.189406 10.233583 9.944520 10.509057 11.052425 10.991602 10.618817 11.863162 11.231932 12.000815 10.950362 10.511814 11.997549 12.518307 9.302897 8.203780 
11.118510 9.786155 11.138953 13.994664 11.783144 11.053975 11.171073 13.544619 13.278200 13.452896 12.011314 10.786766 13.122320 11.434023 11.272223 11.518644 11.503538 13.870261 13.140280 13.229689 11.340118 11.194276 12.610498 13.856659 12.435291 10.915975 12.604377 9.180718 12.391832 11.142199 10.784070 12.478780 12.918430 9.499974 11.462525 9.263532 11.191999 11.514965 11.815742 12.851134 11.878202 12.584211 11.598678 10.900093 11.109507 10.907682 12.477804 13.923137 9.936327 9.945857 
11.937638 12.177144 12.382454 16.033041 12.622617 13.714799 12.680140 14.051082 13.898184 13.691814 12.361546 11.090206 13.500496 12.552462 11.221204 12.951218 14.186173 14.662899 15.611007 14.981790 14.573674 12.776959 12.737917 14.584253 13.314173 13.471296 14.206362 12.410119 13.522803 12.199155 13.293268 14.751838 15.032498 11.179924 14.089558 10.733294 12.705404 13.464929 15.292726 13.188357 14.435959 12.670513 12.314643 12.583884 12.262871 13.529918 15.351995 15.812891 11.109053 10.490669 
10.783659 10.487361 11.378704 14.921561 12.246126 12.144122 11.300707 12.593469 13.766937 12.950620 11.227311 12.034872 12.195175 11.615584 12.305323 12.775503 12.952714 14.058640 13.730588 13.972375 13.252383 11.949846 12.555762 12.587573 14.046755 11.040410 13.640927 10.927130 10.828734 12.012882 11.724765 13.282795 13.014132 10.589383 13.861297 9.921534 11.431800 12.596426 12.958246 11.907215 12.125632 11.645670 12.424944 12.765953 11.629446 13.085453 12.182816 15.197096 9.901704 10.609961 
11.896909 11.935258 12.728745 16.965629 12.666390 14.351764 12.352166 15.666057 14.595445 13.958095 13.487232 13.106288 14.927918 13.554508 13.128378 14.027541 14.741980 15.593569 15.584000 14.981581 14.130627 12.829564 14.287655 14.836288 13.978389 13.232589 14.692395 11.974409 12.898012 12.770778 13.105484 14.211479 15.771883 11.641452 13.888058 11.768777 12.846851 13.867256 15.142784 13.967105 13.413596 12.902698 12.953808 12.995596 13.640766 13.541513 15.020069 15.888537 12.259933 10.380829 
11.639897 10.957822 10.865782 15.822474 12.652381 12.295938 12.645090 13.833936 14.547249 12.875515 12.914581 11.905531 14.048969 12.257418 12.351817 12.730693 13.109356 15.368167 14.515190 13.692953 13.686866 12.406026 13.934168 14.270121 13.849649 12.458856 14.203486 11.254283 12.586486 12.612604 13.501176 14.245978 14.557177 11.468850 14.732744 10.522722 12.492168 14.363075 14.694304 12.964609 12.244280 12.934349 13.735992 12.873271 12.160602 13.331673 13.900774 14.839244 11.486441 9.194913 
11.467480 10.759243 11.109201 15.374950 12.937018 13.171320 11.855256 13.323782 13.410828 13.309994 11.886063 12.271948 14.246381 13.198105 11.102791 13.010120 12.588964 15.554948 14.274365 13.055360 12.066134 11.358026 13.019674 13.125336 11.795299 11.844718 13.678101 10.633897 11.386254 12.345309 12.475267 13.385845 12.854050 11.405819 13.142404 11.241857 12.176067 12.735926 12.627511 13.372380 11.299309 13.405050 12.745478 12.418510 11.830221 13.078938 12.972410 14.011975 9.749124 9.894262 
9.332850 10.502948 10.404090 13.946251 11.428307 11.146964 11.077901 11.170646 12.576865 12.491356 10.022666 9.495173 10.873493 11.064449 11.917618 10.533143 12.286392 12.855502 13.264063 13.046991 12.295008 11.525492 11.703027 12.456727 11.454019 10.726943 13.733646 9.189654 9.644183 9.933685 11.911936 12.155066 12.713027 9.706032 12.543774 9.863430 10.745312 13.001492 11.192966 11.582756 11.606706 11.567908 12.093660 12.200024 11.602273 11.698915 11.658572 12.919376 8.646344 8.531908 
